2015 01 01 13 31
2015 03 15 00 02
2015 03 18 21 41
2015 04 12 15 05
2015 04 27 00 24
2015 04 28 20 43
2015 05 02 20 38
2015 05 05 09 50
2015 05 06 18 16
2015 05 13 09 18
2015 05 16 13 53
2015 05 23 01 03
2015 06 02 10 59
2015 06 09 22 52
2015 06 14 19 17
2015 07 22 10 42
2015 07 28 05 27
2015 08 13 12 50
2015 09 05 17 49
2015 09 20 13 34
2015 10 23 23 32
2015 11 25 04 25
2015 11 28 06 21
2015 12 01 20 30
2015 12 06 10 55
2015 12 28 20 16
2016 01 10 17 23
2016 01 20 12 38
2016 01 22 05 32
2016 02 20 18 19
2016 03 11 03 02
2016 03 16 07 12
2016 07 26 15 00
2016 08 23 11 46
2016 09 01 09 44
2016 09 20 06 17
2016 09 23 04 02
2016 10 23 10 50
2016 10 26 16 46
2016 10 28 15 32
2016 11 15 08 25
2016 11 25 04 42
2017 01 23 11 22
2017 02 09 19 29
2017 02 13 04 20
2017 03 12 09 09
2017 04 06 15 28
2017 05 10 15 50
2017 05 23 14 08
2017 05 26 21 28
2017 06 16 18 11
2017 06 17 12 57
2017 07 16 17 12
2017 07 19 15 27
2017 09 23 19 56
2017 10 16 19 23
2017 12 02 00 47
2018 01 01 07 59
2018 02 06 01 18
2018 02 14 19 42
2018 02 21 23 51
2018 02 22 14 50
2018 03 14 06 59
2018 04 10 21 09
2018 04 16 02 59
2018 04 20 07 58
2018 04 21 23 13
2018 05 15 13 46
2018 05 20 14 48
2018 06 13 13 04
2018 06 28 07 08
2018 07 03 00 44
2018 07 05 10 02
2018 07 22 08 01
2018 08 02 21 52
2018 09 13 12 05
2018 09 15 13 32
2018 10 15 18 55
2018 11 22 18 03
2018 12 08 10 35
2018 12 17 06 47
2019 01 02 00 45
2019 01 22 03 56
2019 02 15 18 18
2019 03 12 13 48
2019 03 16 02 28
2019 03 21 06 16
2019 04 12 11 33
2019 04 28 17 11
2019 05 28 00 42
2019 06 10 03 28
2019 06 19 14 03
2019 07 11 04 11
2019 07 24 10 28
2019 08 05 16 04
2019 08 14 03 39
2019 10 17 20 46
2019 10 24 06 08
2019 12 05 09 04
2019 12 06 17 56
