2016 01 04 21 13
2016 01 06 17 35
2016 01 10 23 27
2016 01 11 10 18
2016 01 11 19 38
2016 01 14 23 43
2016 01 18 15 33
2016 01 18 16 03
2016 01 22 05 59
2016 01 23 20 58
2016 02 04 09 04
2016 02 04 13 02
2016 02 09 18 01
2016 03 01 11 59
2016 03 09 02 26
2016 03 14 12 32
2016 03 15 16 14
2016 03 17 04 40
2016 03 21 13 37
2016 03 25 06 37
2016 03 26 20 34
2016 03 27 21 08
2016 04 01 12 24
2016 04 08 20 37
2016 04 09 21 05
2016 04 16 00 30
2016 04 17 03 43
2016 04 26 15 20
2016 05 01 01 00
2016 05 02 21 24
2016 05 03 22 05
2016 05 09 22 55
2016 05 12 08 01
2016 05 13 06 54
2016 05 14 08 46
2016 05 25 11 54
2016 06 14 17 22
2016 06 17 00 27
2016 06 17 17 12
2016 06 23 17 41
2016 06 24 11 19
2016 06 24 11 43
2016 06 28 00 28
2016 07 03 23 32
2016 07 14 08 24
2016 07 18 05 22
2016 07 18 20 43
2016 07 19 00 55
2016 07 19 13 23
2016 07 23 00 30
2016 07 25 17 19
2016 08 02 16 33
2016 08 10 18 01
2016 08 19 01 48
2016 08 20 16 30
2016 08 20 20 45
2016 08 21 06 17
2016 08 22 06 08
2016 08 24 02 20
2016 08 27 13 28
2016 09 02 10 18
2016 09 06 03 07
2016 09 08 15 29
2016 09 10 08 34
2016 09 13 06 23
2016 09 18 01 09
2016 09 18 01 46
2016 09 20 17 45
2016 09 24 09 36
2016 09 24 20 40
2016 09 28 01 54
2016 10 02 23 19
2016 10 05 13 23
2016 10 08 02 50
2016 10 12 10 15
2016 10 15 06 44
2016 10 15 15 50
2016 10 25 16 23
2016 11 03 09 53
2016 11 05 11 23
2016 11 06 03 11
2016 11 08 08 57
2016 11 09 02 35
2016 11 10 17 43
2016 11 14 02 04
2016 11 18 01 17
2016 11 22 05 20
2016 11 22 09 39
2016 11 23 06 49
2016 12 02 10 53
2016 12 02 12 14
2016 12 06 04 26
2016 12 08 07 22
2016 12 16 20 54
2016 12 17 18 26
2016 12 17 20 16
2016 12 20 22 37
2016 12 21 00 27
2016 12 25 16 29
2016 12 27 15 22
